7.0710678e-01  -7.0710678e-01
7.0710678e-01  -7.0710678e-01
7.0710678e-01   7.0710678e-01
7.0710678e-01  -7.0710678e-01
7.0710678e-01   7.0710678e-01
-7.0710678e-01  -7.0710678e-01
7.0710678e-01   7.0710678e-01
7.0710678e-01   7.0710678e-01
7.0710678e-01  -7.0710678e-01
-7.0710678e-01   7.0710678e-01
7.0710678e-01   7.0710678e-01
7.0710678e-01  -7.0710678e-01
-7.0710678e-01   7.0710678e-01
-7.0710678e-01   7.0710678e-01
-7.0710678e-01  -7.0710678e-01
-7.0710678e-01   7.0710678e-01
7.0710678e-01   7.0710678e-01
7.0710678e-01   7.0710678e-01
-7.0710678e-01   7.0710678e-01
-7.0710678e-01  -7.0710678e-01
7.0710678e-01  -7.0710678e-01
-7.0710678e-01   7.0710678e-01
-7.0710678e-01   7.0710678e-01
-7.0710678e-01  -7.0710678e-01
-7.0710678e-01  -7.0710678e-01